100

36 153 3 66

39 130 9 3553

37 100 550145 0

30 17 8 158

36 56 6 21484

32 254 221878 0

34 44 63512 0

35 60 10 0

32 57 4 20445

31 29 8 60055

31 42 1 47384

34 40 9 28801

35 39 9 28801

35 40 10 0

34 40 10 0

35 61 9 28800

35 39 10 0

34 43 6 1667

30 31 649901 0

35 40 9 28801

40 40 9 68016

34 40 10 0

33 267 4 83583

33 13 470398 0

31 45 9 16985

31 24 0 351

36 152 6 8168

34 60 9 28801

30 45 8 315

34 61 9 28800

38 54 2 69468

39 165 9 445

39 69 0 29463

39 212 804207 0

39 32 7 24873

34 213 2 85209

35 39 9 28800

34 39 9 28800

37 27 7 77284

34 39 10 0

34 39 9 28801

35 60 9 28800

34 60 10 0

34 60 9 28800

33 10 722292 0

33 75 116716 0

34 54 3 103

36 15 9 321

34 0 7 27249

37 4 5 67890

32 261 9 5067

30 27 0 307

34 61 9 28801

31 58 904551 0

35 39 10 0

35 61 10 0

37 46 39087 0

38 26 534714 0

35 60 10 0

34 67 3 420

40 44 3 58463

35 61 10 0

30 104 8 47

37 24 3 15994

33 47 484511 0

31 33 6 103

35 40 10 0

39 210 616703 0

34 297 53639 0

34 61 10 0

34 39 10 0

38 43 537469 0

39 36 27154 0

38 43 1 77240

36 55 5 562

33 204 0 19348

35 276 9 450

35 61 9 28801

36 109 0 538

39 294 8 41923

35 40 9 28800

34 40 9 28800

39 11 4 487

34 61 10 0

31 56 47658 0

40 42 3 54744

30 12 521703 0

30 39 1 42265

34 33 3 14440

35 60 9 28801

30 43 852515 0

38 57 1 402

30 11 4 13976

37 194 2 24732

34 60 10 0

38 12 3 113

40 59 5 590

37 51 4 23692

30 45 9 56134

36 132 2 39682
