100

35 181 7 15125

37 146 9 14655

38 57 1 49933

33 0 1 19681

35 61 9 28800

34 60 9 28801

35 144 1 17633

35 60 9 28801

38 226 2 30641

35 39 10 0

35 39 9 28801

33 189 7 28852

40 34 8 25005

36 184 244672 0

34 39 10 0

35 60 10 0

34 61 10 0

37 12 0 410

35 65 2 497

34 60 10 0

30 226 71608 0

30 40 810100 0

30 70 0 481

40 232 7 437

34 60 10 0

40 72 2 75605

32 23 0 57514

34 12 6 121

34 56 2 23811

34 37 0 183

35 61 10 0

32 26 437581 0

35 61 10 0

39 128 801859 0

39 32 2 186

34 40 10 0

33 3 3 41814

34 40 10 0

33 40 6 52406

38 259 317063 0

32 49 879946 0

39 103 8 225

34 39 7 410

39 55 932311 0

35 60 10 0

32 64 1 3360

40 55 7 85243

38 17 5 55881

34 61 9 28801

35 40 9 28801

33 54 765198 0

34 60 9 28800

30 147 6 486

35 61 9 28801

37 40 2 18835

35 40 10 0

35 40 10 0

31 262 263831 0

35 39 10 0

35 223 9 69288

37 43 6 148

38 32 7 154

32 20 367370 0

33 24 565048 0

33 28 7 8054

35 39 9 28800

36 53 0 284

31 77 7 36459

35 40 9 28800

34 40 9 28801

38 4 240232 0

32 11 0 23371

31 50 8 420

36 36 7 75620

34 39 10 0

39 214 3 26

34 61 10 0

34 40 9 28800

30 299 308367 0

35 60 9 28800

34 39 9 28800

30 160 9 7047

39 51 4 112

37 21 3 22321

36 52 244381 0

33 13 5 263

33 51 8 27893

30 44 744112 0

33 40 6 46096

33 42 6 2451

37 28 803370 0

40 50 7 24804

34 39 9 28801

35 59 9 80551

40 54 4 51425

33 40 1 396

34 61 9 28800

32 59 629364 0

33 27 858934 0

36 47 6 73861
