100
4292
7908
43504
9776
99066
51288
95681
56223
43766
12305
9814
6376
3178
8516
7987
72614
82766
20795
98903
4043
36755
58255
21451
55272
56593
6783
19198
30483
16121
94188
4696
4417
4477
36946
6391
87739
44809
7591
52317
16135
43692
3919
35196
61269
9261
6256
66043
8236
56106
1909
9693
8565
32392
9918
20579
43016
29763
25301
3408
43042
37114
50483
18646
19848
4405
4957
80307
8083
82561
76603
20686
1463
84768
83835
2811
1874
42038
25184
90458
51704
85073
1072
2806
99795
89794
37512
3818
2708
8787
3621
9594
71895
2606
5152
7798
42133
3973
34462
7221
17597
